197.9380218950868 3.51286623101834 1.626176929731002 -0.04149973785311937
143.3328502373942 7.513209042103524 9.87101752165498 0.08651108363087165
160.3044802262456 6.029095999456966 4.821107564599597 -0.0290443358818027
0.0 21.56315544528771 0.6310382466510853 2.44526760171869
0.0 -0.9300923239996836 -0.2468613893341276 -0.2365020610019976
0.0 -3.777521183297699 -0.1797876709587143 -0.4230553355871959
197.9380218950868 3.51286623101834 1.626176929731002 -0.04149973785311937
143.3328502373942 7.513209042103524 9.87101752165498 0.08651108363087165
160.3044802262456 6.029095999456966 4.821107564599597 -0.0290443358818027
0.0 21.56315544528771 0.6310382466510853 2.44526760171869
0.0 -0.9300923239996836 -0.2468613893341276 -0.2365020610019976
0.0 -3.777521183297699 -0.1797876709587143 -0.4230553355871959
197.9380218950868 3.51286623101834 1.626176929731002 -0.04149973785311937
143.3328502373942 7.513209042103524 9.87101752165498 0.08651108363087165
160.3044802262456 6.029095999456966 4.821107564599597 -0.0290443358818027
0.0 21.56315544528771 0.6310382466510853 2.44526760171869
0.0 -0.9300923239996836 -0.2468613893341276 -0.2365020610019976
0.0 -3.777521183297699 -0.1797876709587143 -0.4230553355871959
197.9380218950868 3.51286623101834 1.626176929731002 -0.04149973785311937
143.3328502373942 7.513209042103524 9.87101752165498 0.08651108363087165
160.3044802262456 6.029095999456966 4.821107564599597 -0.0290443358818027
0.0 21.56315544528771 0.6310382466510853 2.44526760171869
0.0 -0.9300923239996836 -0.2468613893341276 -0.2365020610019976
0.0 -3.777521183297699 -0.1797876709587143 -0.4230553355871959
197.9380218950868 3.51286623101834 1.626176929731002 -0.04149973785311937
143.3328502373942 7.513209042103524 9.87101752165498 0.08651108363087165
160.3044802262456 6.029095999456966 4.821107564599597 -0.0290443358818027
0.0 21.56315544528771 0.6310382466510853 2.44526760171869
0.0 -0.9300923239996836 -0.2468613893341276 -0.2365020610019976
0.0 -3.777521183297699 -0.1797876709587143 -0.4230553355871959
197.9380218950868 3.51286623101834 1.626176929731002 -0.04149973785311937
143.3328502373942 7.513209042103524 9.87101752165498 0.08651108363087165
160.3044802262456 6.029095999456966 4.821107564599597 -0.0290443358818027
0.0 21.56315544528771 0.6310382466510853 2.44526760171869
0.0 -0.9300923239996836 -0.2468613893341276 -0.2365020610019976
0.0 -3.777521183297699 -0.1797876709587143 -0.4230553355871959
