0.0 
0.09999999999990905 
0.20000000000027285 
0.3000000000001819 
0.40000000000009095 
0.5 
0.599999999999909 
0.7000000000002728 
0.8000000000001819 
0.900000000000091 
1.0 
1.099999999999909 
1.2000000000002728 
1.300000000000182 
1.400000000000091 
1.5 
1.599999999999909 
1.7000000000002728 
1.800000000000182 
1.900000000000091 
2.0 
2.099999999999909 
2.200000000000273 
2.300000000000182 
2.400000000000091 
2.5 
2.599999999999909 
2.700000000000273 
2.800000000000182 
2.900000000000091 
3.0 
3.099999999999909 
3.200000000000273 
3.300000000000182 
3.400000000000091 
3.5 
3.599999999999909 
3.700000000000273 
3.800000000000182 
3.900000000000091 
4.0 
4.099999999999909 
4.200000000000273 
4.300000000000182 
4.400000000000091 
4.5 
4.599999999999909 
4.700000000000273 
4.800000000000182 
4.900000000000091 
5.0 
5.099999999999909 
5.200000000000273 
5.300000000000182 
5.400000000000091 
5.5 
5.599999999999909 
5.700000000000273 
5.800000000000182 
5.900000000000091 
6.0 
6.099999999999909 
6.200000000000273 
6.300000000000182 
6.400000000000091 
6.5 
6.599999999999909 
6.700000000000273 
6.800000000000182 
6.900000000000091 
7.0 
7.099999999999909 
7.200000000000273 
7.300000000000182 
7.400000000000091 
7.5 
7.599999999999909 
7.700000000000273 
7.800000000000182 
7.900000000000091 
8.0 
8.099999999999909 
8.200000000000273 
8.300000000000182 
8.400000000000091 
8.5 
8.599999999999909 
8.700000000000273 
8.800000000000182 
8.900000000000091 
9.0 
9.099999999999909 
9.200000000000273 
9.300000000000182 
9.400000000000091 
9.5 
9.599999999999909 
9.700000000000273 
9.800000000000182 
9.900000000000091 
10.0 
10.099999999999909 
10.200000000000273 
10.300000000000182 
10.400000000000091 
10.5 
10.599999999999909 
10.700000000000273 
10.800000000000182 
10.900000000000091 
11.0 
11.099999999999909 
11.200000000000273 
11.300000000000182 
11.400000000000091 
11.5 
11.599999999999909 
11.700000000000273 
11.800000000000182 
11.900000000000091 
12.0 
12.099999999999909 
12.200000000000273 
12.300000000000182 
12.400000000000091 
12.5 
12.599999999999909 
12.700000000000273 
12.800000000000182 
12.900000000000091 
13.0 
13.099999999999909 
13.200000000000273 
13.300000000000182 
13.400000000000091 
13.5 
13.599999999999909 
13.700000000000273 
13.800000000000182 
13.900000000000091 
14.0 
14.099999999999909 
14.200000000000273 
14.300000000000182 
14.400000000000091 
14.5 
14.599999999999909 
14.700000000000273 
14.800000000000182 
14.900000000000091 
15.0 
15.099999999999909 
15.200000000000273 
15.300000000000182 
15.400000000000091 
15.5 
15.599999999999909 
15.700000000000273 
15.800000000000182 
15.900000000000091 
16.0 
16.09999999999991 
16.200000000000273 
16.300000000000182 
16.40000000000009 
16.5 
16.59999999999991 
16.700000000000273 
16.800000000000182 
16.90000000000009 
17.0 
17.09999999999991 
17.200000000000273 
17.300000000000182 
17.40000000000009 
17.5 
17.59999999999991 
17.700000000000273 
17.800000000000182 
17.90000000000009 
18.0 
18.09999999999991 
18.200000000000273 
18.300000000000182 
18.40000000000009 
18.5 
18.59999999999991 
18.700000000000273 
18.800000000000182 
18.90000000000009 
19.0 
19.09999999999991 
19.200000000000273 
19.300000000000182 
19.40000000000009 
19.5 
19.59999999999991 
19.700000000000273 
19.800000000000182 
19.90000000000009 
20.0 
20.09999999999991 
20.200000000000273 
20.300000000000182 
20.40000000000009 
20.5 
20.59999999999991 
20.700000000000273 
20.800000000000182 
20.90000000000009 
21.0 
21.09999999999991 
21.200000000000273 
21.300000000000182 
21.40000000000009 
21.5 
21.59999999999991 
21.700000000000273 
21.800000000000182 
21.90000000000009 
22.0 
22.09999999999991 
22.200000000000273 
22.300000000000182 
22.40000000000009 
22.5 
22.59999999999991 
22.700000000000273 
22.800000000000182 
22.90000000000009 
23.0 
23.09999999999991 
23.200000000000273 
23.300000000000182 
23.40000000000009 
23.5 
23.59999999999991 
23.700000000000273 
23.800000000000182 
23.90000000000009 
24.0 
24.09999999999991 
24.200000000000273 
24.300000000000182 
24.40000000000009 
24.5 
24.59999999999991 
24.700000000000273 
24.800000000000182 
24.90000000000009 
25.0 
25.09999999999991 
25.200000000000273 
25.300000000000182 
25.40000000000009 
25.5 
25.59999999999991 
25.700000000000273 
25.800000000000182 
25.90000000000009 
26.0 
26.09999999999991 
26.200000000000273 
26.300000000000182 
26.40000000000009 
26.5 
26.59999999999991 
26.700000000000273 
26.800000000000182 
26.90000000000009 
27.0 
27.09999999999991 
27.200000000000273 
27.300000000000182 
27.40000000000009 
27.5 
27.59999999999991 
27.700000000000273 
27.800000000000182 
27.90000000000009 
28.0 
28.09999999999991 
28.200000000000273 
28.300000000000182 
28.40000000000009 
28.5 
28.59999999999991 
28.700000000000273 
28.800000000000182 
28.90000000000009 
29.0 
29.09999999999991 
29.200000000000273 
29.300000000000182 
29.40000000000009 
29.5 
29.59999999999991 
29.700000000000273 
29.800000000000182 
29.90000000000009 
30.0 
30.09999999999991 
30.200000000000273 
30.300000000000182 
30.40000000000009 
30.5 
30.59999999999991 
30.700000000000273 
30.800000000000182 
30.90000000000009 
31.0 
31.09999999999991 
31.200000000000273 
31.300000000000182 
31.40000000000009 
31.5 
31.59999999999991 
31.700000000000273 
31.800000000000182 
31.90000000000009 
32.0 
32.09999999999991 
32.20000000000027 
32.30000000000018 
32.40000000000009 
32.5 
32.59999999999991 
32.70000000000027 
32.80000000000018 
32.90000000000009 
33.0 
33.09999999999991 
33.20000000000027 
33.30000000000018 
33.40000000000009 
33.5 
33.59999999999991 
33.70000000000027 
33.80000000000018 
33.90000000000009 
34.0 
34.09999999999991 
34.20000000000027 
34.30000000000018 
34.40000000000009 
34.5 
34.59999999999991 
34.70000000000027 
34.80000000000018 
34.90000000000009 
35.0 
35.09999999999991 
35.20000000000027 
35.30000000000018 
35.40000000000009 
35.5 
35.59999999999991 
35.70000000000027 
35.80000000000018 
35.90000000000009 
36.0 
36.09999999999991 
36.20000000000027 
36.30000000000018 
36.40000000000009 
36.5 
36.59999999999991 
36.70000000000027 
36.80000000000018 
36.90000000000009 
37.0 
37.09999999999991 
37.20000000000027 
37.30000000000018 
37.40000000000009 
37.5 
37.59999999999991 
37.70000000000027 
37.80000000000018 
37.90000000000009 
38.0 
38.09999999999991 
38.20000000000027 
38.30000000000018 
38.40000000000009 
38.5 
38.59999999999991 
38.70000000000027 
38.80000000000018 
38.90000000000009 
39.0 
39.09999999999991 
39.20000000000027 
39.30000000000018 
39.40000000000009 
39.5 
39.59999999999991 
39.70000000000027 
39.80000000000018 
39.90000000000009 
40.0 
40.09999999999991 
40.20000000000027 
40.30000000000018 
40.40000000000009 
40.5 
40.59999999999991 
40.70000000000027 
40.80000000000018 
40.90000000000009 
41.0 
41.09999999999991 
41.20000000000027 
41.30000000000018 
41.40000000000009 
41.5 
41.59999999999991 
41.70000000000027 
41.80000000000018 
41.90000000000009 
42.0 
42.09999999999991 
42.20000000000027 
42.30000000000018 
42.40000000000009 
42.5 
42.59999999999991 
42.70000000000027 
42.80000000000018 
42.90000000000009 
43.0 
43.09999999999991 
43.20000000000027 
43.30000000000018 
43.40000000000009 
43.5 
43.59999999999991 
43.70000000000027 
43.80000000000018 
43.90000000000009 
44.0 
44.09999999999991 
44.20000000000027 
44.30000000000018 
44.40000000000009 
44.5 
44.59999999999991 
44.70000000000027 
44.80000000000018 
44.90000000000009 
45.0 
45.09999999999991 
45.20000000000027 
45.30000000000018 
45.40000000000009 
45.5 
45.59999999999991 
45.70000000000027 
45.80000000000018 
45.90000000000009 
46.0 
46.09999999999991 
46.20000000000027 
46.30000000000018 
46.40000000000009 
46.5 
46.59999999999991 
46.70000000000027 
46.80000000000018 
46.90000000000009 
47.0 
47.09999999999991 
47.20000000000027 
47.30000000000018 
47.40000000000009 
47.5 
47.59999999999991 
47.70000000000027 
47.80000000000018 
47.90000000000009 
48.0 
48.09999999999991 
48.20000000000027 
48.30000000000018 
48.40000000000009 
48.5 
48.59999999999991 
48.70000000000027 
48.80000000000018 
48.90000000000009 
49.0 
49.09999999999991 
49.20000000000027 
49.30000000000018 
49.40000000000009 
49.5 
49.59999999999991 
49.70000000000027 
49.80000000000018 
49.90000000000009 
50.0 
50.09999999999991 
50.20000000000027 
50.30000000000018 
50.40000000000009 
50.5 
50.59999999999991 
50.70000000000027 
50.80000000000018 
50.90000000000009 
51.0 
51.09999999999991 
51.20000000000027 
51.30000000000018 
51.40000000000009 
51.5 
51.59999999999991 
51.70000000000027 
51.80000000000018 
51.90000000000009 
52.0 
52.09999999999991 
52.20000000000027 
52.30000000000018 
52.40000000000009 
52.5 
52.59999999999991 
52.70000000000027 
52.80000000000018 
52.90000000000009 
53.0 
53.09999999999991 
53.20000000000027 
53.30000000000018 
53.40000000000009 
53.5 
53.59999999999991 
53.70000000000027 
53.80000000000018 
53.90000000000009 
54.0 
54.09999999999991 
54.20000000000027 
54.30000000000018 
54.40000000000009 
54.5 
54.59999999999991 
54.70000000000027 
54.80000000000018 
54.90000000000009 
55.0 
55.09999999999991 
55.20000000000027 
55.30000000000018 
55.40000000000009 
55.5 
55.59999999999991 
55.70000000000027 
55.80000000000018 
55.90000000000009 
56.0 
56.09999999999991 
56.20000000000027 
56.30000000000018 
56.40000000000009 
56.5 
56.59999999999991 
56.70000000000027 
56.80000000000018 
56.90000000000009 
57.0 
57.09999999999991 
57.20000000000027 
57.30000000000018 
57.40000000000009 
57.5 
57.59999999999991 
57.70000000000027 
57.80000000000018 
57.90000000000009 
58.0 
58.09999999999991 
58.20000000000027 
58.30000000000018 
58.40000000000009 
58.5 
58.59999999999991 
58.70000000000027 
58.80000000000018 
58.90000000000009 
59.0 
59.09999999999991 
59.20000000000027 
59.30000000000018 
59.40000000000009 
59.5 
59.59999999999991 
59.70000000000027 
59.80000000000018 
59.90000000000009 
60.0 
60.09999999999991 
60.20000000000027 
60.30000000000018 
60.40000000000009 
60.5 
60.59999999999991 
60.70000000000027 
60.80000000000018 
60.90000000000009 
61.0 
61.09999999999991 
61.20000000000027 
61.30000000000018 
61.40000000000009 
61.5 
61.59999999999991 
61.70000000000027 
61.80000000000018 
61.90000000000009 
62.0 
62.09999999999991 
62.20000000000027 
62.30000000000018 
62.40000000000009 
62.5 
62.59999999999991 
62.70000000000027 
62.80000000000018 
62.90000000000009 
63.0 
63.09999999999991 
63.20000000000027 
63.30000000000018 
63.40000000000009 
63.5 
63.59999999999991 
63.70000000000027 
63.80000000000018 
63.90000000000009 
64.0 
64.09999999999991 
64.20000000000027 
64.30000000000018 
64.40000000000009 
64.5 
64.59999999999991 
64.70000000000027 
64.80000000000018 
64.90000000000009 
65.0 
65.09999999999991 
65.20000000000027 
65.30000000000018 
65.40000000000009 
65.5 
65.59999999999991 
65.70000000000027 
65.80000000000018 
65.90000000000009 
66.0 
66.09999999999991 
66.20000000000027 
66.30000000000018 
66.40000000000009 
66.5 
66.59999999999991 
66.70000000000027 
66.80000000000018 
66.90000000000009 
67.0 
67.09999999999991 
67.20000000000027 
67.30000000000018 
67.40000000000009 
67.5 
67.59999999999991 
67.70000000000027 
67.80000000000018 
67.90000000000009 
68.0 
68.09999999999991 
68.20000000000027 
68.30000000000018 
68.40000000000009 
68.5 
68.59999999999991 
68.70000000000027 
68.80000000000018 
68.90000000000009 
69.0 
69.09999999999991 
69.20000000000027 
69.30000000000018 
69.40000000000009 
69.5 
69.59999999999991 
69.70000000000027 
69.80000000000018 
69.90000000000009 
70.0 
70.09999999999991 
70.20000000000027 
70.30000000000018 
70.40000000000009 
70.5 
70.59999999999991 
70.70000000000027 
70.80000000000018 
70.90000000000009 
71.0 
71.09999999999991 
71.20000000000027 
71.30000000000018 
71.40000000000009 
71.5 
71.59999999999991 
71.70000000000027 
71.80000000000018 
71.90000000000009 
72.0 
72.09999999999991 
72.20000000000027 
72.30000000000018 
72.40000000000009 
72.5 
72.59999999999991 
72.70000000000027 
72.80000000000018 
72.90000000000009 
73.0 
73.09999999999991 
73.20000000000027 
73.30000000000018 
73.40000000000009 
73.5 
73.59999999999991 
73.70000000000027 
73.80000000000018 
73.90000000000009 
74.0 
74.09999999999991 
74.20000000000027 
74.30000000000018 
74.40000000000009 
74.5 
74.59999999999991 
74.70000000000027 
74.80000000000018 
74.90000000000009 
75.0 
75.09999999999991 
75.20000000000027 
75.30000000000018 
75.40000000000009 
75.5 
75.59999999999991 
75.70000000000027 
75.80000000000018 
75.90000000000009 
76.0 
76.09999999999991 
76.20000000000027 
76.30000000000018 
76.40000000000009 
76.5 
76.59999999999991 
76.70000000000027 
76.80000000000018 
76.90000000000009 
77.0 
77.09999999999991 
77.20000000000027 
77.30000000000018 
77.40000000000009 
77.5 
77.59999999999991 
77.70000000000027 
77.80000000000018 
77.90000000000009 
78.0 
78.09999999999991 
78.20000000000027 
78.30000000000018 
78.40000000000009 
78.5 
78.59999999999991 
78.70000000000027 
78.80000000000018 
78.90000000000009 
79.0 
79.09999999999991 
79.20000000000027 
79.30000000000018 
79.40000000000009 
79.5 
79.59999999999991 
79.70000000000027 
79.80000000000018 
79.90000000000009 
80.0 
80.09999999999991 
80.20000000000027 
80.30000000000018 
80.40000000000009 
80.5 
80.59999999999991 
80.70000000000027 
80.80000000000018 
80.90000000000009 
81.0 
81.09999999999991 
81.20000000000027 
81.30000000000018 
81.40000000000009 
81.5 
81.59999999999991 
81.70000000000027 
81.80000000000018 
81.90000000000009 
82.0 
82.09999999999991 
82.20000000000027 
82.30000000000018 
82.40000000000009 
82.5 
82.59999999999991 
82.70000000000027 
82.80000000000018 
82.90000000000009 
83.0 
83.09999999999991 
83.20000000000027 
83.30000000000018 
83.40000000000009 
83.5 
83.59999999999991 
83.70000000000027 
83.80000000000018 
83.90000000000009 
84.0 
84.09999999999991 
84.20000000000027 
84.30000000000018 
84.40000000000009 
84.5 
84.59999999999991 
84.70000000000027 
84.80000000000018 
84.90000000000009 
85.0 
85.09999999999991 
85.20000000000027 
85.30000000000018 
85.40000000000009 
85.5 
85.59999999999991 
85.70000000000027 
85.80000000000018 
85.90000000000009 
86.0 
86.09999999999991 
86.20000000000027 
86.30000000000018 
86.40000000000009 
86.5 
86.59999999999991 
86.70000000000027 
86.80000000000018 
86.90000000000009 
87.0 
87.09999999999991 
87.20000000000027 
87.30000000000018 
87.40000000000009 
87.5 
87.59999999999991 
87.70000000000027 
87.80000000000018 
87.90000000000009 
88.0 
88.09999999999991 
88.20000000000027 
88.30000000000018 
88.40000000000009 
88.5 
88.59999999999991 
88.70000000000027 
88.80000000000018 
88.90000000000009 
89.0 
89.09999999999991 
89.20000000000027 
89.30000000000018 
89.40000000000009 
89.5 
89.59999999999991 
89.70000000000027 
89.80000000000018 
89.90000000000009 
90.0 
90.09999999999991 
90.20000000000027 
90.30000000000018 
90.40000000000009 
90.5 
90.59999999999991 
90.70000000000027 
90.80000000000018 
90.90000000000009 
91.0 
91.09999999999991 
91.20000000000027 
91.30000000000018 
91.40000000000009 
91.5 
91.59999999999991 
91.70000000000027 
91.80000000000018 
91.90000000000009 
92.0 
92.09999999999991 
92.20000000000027 
92.30000000000018 
92.40000000000009 
92.5 
92.59999999999991 
92.70000000000027 
92.80000000000018 
92.90000000000009 
93.0 
93.09999999999991 
93.20000000000027 
93.30000000000018 
93.40000000000009 
93.5 
93.59999999999991 
93.70000000000027 
93.80000000000018 
93.90000000000009 
94.0 
94.09999999999991 
94.20000000000027 
94.30000000000018 
94.40000000000009 
94.5 
94.59999999999991 
94.70000000000027 
94.80000000000018 
94.90000000000009 
95.0 
95.09999999999991 
95.20000000000027 
95.30000000000018 
95.40000000000009 
95.5 
95.59999999999991 
95.70000000000027 
95.80000000000018 
95.90000000000009 
96.0 
96.09999999999991 
96.20000000000027 
96.30000000000018 
96.40000000000009 
96.5 
96.59999999999991 
96.70000000000027 
96.80000000000018 
96.90000000000009 
97.0 
97.09999999999991 
97.20000000000027 
97.30000000000018 
97.40000000000009 
97.5 
97.59999999999991 
97.70000000000027 
97.80000000000018 
97.90000000000009 
98.0 
98.09999999999991 
98.20000000000027 
98.30000000000018 
98.40000000000009 
98.5 
98.59999999999991 
98.70000000000027 
98.80000000000018 
98.90000000000009 
99.0 
99.09999999999991 
99.20000000000027 
99.30000000000018 
99.40000000000009 
99.5 
99.59999999999991 
99.70000000000027 
99.80000000000018 
99.90000000000009 
100.0 
100.09999999999991 
100.20000000000027 
100.30000000000018 
100.40000000000009 
100.5 
100.59999999999991 
100.70000000000027 
100.80000000000018 
100.90000000000009 
101.0 
101.09999999999991 
101.20000000000027 
101.30000000000018 
101.40000000000009 
101.5 
101.59999999999991 
101.70000000000027 
101.80000000000018 
101.90000000000009 
102.0 
102.09999999999991 
102.20000000000027 
102.30000000000018 
102.40000000000009 
102.5 
102.59999999999991 
102.70000000000027 
102.80000000000018 
102.90000000000009 
103.0 
103.09999999999991 
103.20000000000027 
103.30000000000018 
103.40000000000009 
103.5 
103.59999999999991 
103.70000000000027 
103.80000000000018 
103.90000000000009 
104.0 
104.09999999999991 
104.20000000000027 
104.30000000000018 
104.40000000000009 
104.5 
104.59999999999991 
104.70000000000027 
104.80000000000018 
104.90000000000009 
105.0 
105.09999999999991 
105.20000000000027 
105.30000000000018 
105.40000000000009 
105.5 
105.59999999999991 
105.70000000000027 
105.80000000000018 
105.90000000000009 
106.0 
106.09999999999991 
106.20000000000027 
106.30000000000018 
106.40000000000009 
106.5 
106.59999999999991 
106.70000000000027 
106.80000000000018 
106.90000000000009 
107.0 
107.09999999999991 
107.20000000000027 
107.30000000000018 
107.40000000000009 
107.5 
107.59999999999991 
107.70000000000027 
107.80000000000018 
107.90000000000009 
108.0 
108.09999999999991 
108.20000000000027 
108.30000000000018 
108.40000000000009 
108.5 
108.59999999999991 
108.70000000000027 
108.80000000000018 
108.90000000000009 
109.0 
109.09999999999991 
109.20000000000027 
109.30000000000018 
109.40000000000009 
109.5 
109.59999999999991 
109.70000000000027 
109.80000000000018 
109.90000000000009 
110.0 
110.09999999999991 
110.20000000000027 
110.30000000000018 
110.40000000000009 
110.5 
110.59999999999991 
110.70000000000027 
110.80000000000018 
110.90000000000009 
111.0 
111.09999999999991 
111.20000000000027 
111.30000000000018 
111.40000000000009 
111.5 
111.59999999999991 
111.70000000000027 
111.80000000000018 
111.90000000000009 
112.0 
112.09999999999991 
112.20000000000027 
112.30000000000018 
112.40000000000009 
112.5 
112.59999999999991 
112.70000000000027 
112.80000000000018 
112.90000000000009 
113.0 
113.09999999999991 
113.20000000000027 
113.30000000000018 
113.40000000000009 
113.5 
113.59999999999991 
113.70000000000027 
113.80000000000018 
113.90000000000009 
114.0 
114.09999999999991 
114.20000000000027 
114.30000000000018 
114.40000000000009 
114.5 
114.59999999999991 
114.70000000000027 
114.80000000000018 
114.90000000000009 
115.0 
115.09999999999991 
115.20000000000027 
115.30000000000018 
115.40000000000009 
115.5 
115.59999999999991 
115.70000000000027 
115.80000000000018 
115.90000000000009 
116.0 
116.09999999999991 
116.20000000000027 
116.30000000000018 
116.40000000000009 
116.5 
116.59999999999991 
116.70000000000027 
116.80000000000018 
116.90000000000009 
117.0 
117.09999999999991 
117.20000000000027 
117.30000000000018 
117.40000000000009 
117.5 
117.59999999999991 
117.70000000000027 
117.80000000000018 
117.90000000000009 
118.0 
118.09999999999991 
118.20000000000027 
118.30000000000018 
118.40000000000009 
118.5 
118.59999999999991 
118.70000000000027 
118.80000000000018 
118.90000000000009 
119.0 
119.09999999999991 
119.20000000000027 
119.30000000000018 
119.40000000000009 
119.5 
119.59999999999991 
119.70000000000027 
119.80000000000018 
119.90000000000009 
120.0 
120.09999999999991 
120.20000000000027 
120.30000000000018 
120.40000000000009 
120.5 
120.59999999999991 
120.70000000000027 
120.80000000000018 
120.90000000000009 
121.0 
121.09999999999991 
121.20000000000027 
121.30000000000018 
121.40000000000009 
121.5 
121.59999999999991 
121.70000000000027 
121.80000000000018 
121.90000000000009 
122.0 
122.09999999999991 
122.20000000000027 
122.30000000000018 
122.40000000000009 
122.5 
122.59999999999991 
122.70000000000027 
122.80000000000018 
122.90000000000009 
123.0 
123.09999999999991 
123.20000000000027 
123.30000000000018 
123.40000000000009 
123.5 
123.59999999999991 
123.70000000000027 
123.80000000000018 
123.90000000000009 
124.0 
124.09999999999991 
124.20000000000027 
124.30000000000018 
124.40000000000009 
124.5 
124.59999999999991 
124.70000000000027 
124.80000000000018 
124.90000000000009 
125.0 
125.09999999999991 
125.20000000000027 
125.30000000000018 
125.40000000000009 
125.5 
125.59999999999991 
125.70000000000027 
125.80000000000018 
125.90000000000009 
126.0 
126.09999999999991 
126.20000000000027 
126.30000000000018 
126.40000000000009 
126.5 
126.59999999999991 
126.70000000000027 
126.80000000000018 
126.90000000000009 
127.0 
127.09999999999991 
127.20000000000027 
127.30000000000018 
127.40000000000009 
127.5 
127.59999999999991 
127.70000000000027 
127.80000000000018 
127.90000000000009 
128.0 
128.0999999999999 
128.20000000000027 
128.30000000000018 
128.4000000000001 
128.5 
128.5999999999999 
128.70000000000027 
128.80000000000018 
128.9000000000001 
129.0 
129.0999999999999 
129.20000000000027 
129.30000000000018 
129.4000000000001 
129.5 
129.5999999999999 
129.70000000000027 
129.80000000000018 
129.9000000000001 
130.0 
130.0999999999999 
130.20000000000027 
130.30000000000018 
130.4000000000001 
130.5 
130.5999999999999 
130.70000000000027 
130.80000000000018 
130.9000000000001 
131.0 
131.0999999999999 
131.20000000000027 
131.30000000000018 
131.4000000000001 
131.5 
131.5999999999999 
131.70000000000027 
131.80000000000018 
131.9000000000001 
132.0 
132.0999999999999 
132.20000000000027 
132.30000000000018 
132.4000000000001 
132.5 
132.5999999999999 
132.70000000000027 
132.80000000000018 
132.9000000000001 
133.0 
133.0999999999999 
133.20000000000027 
133.30000000000018 
133.4000000000001 
133.5 
133.5999999999999 
133.70000000000027 
133.80000000000018 
133.9000000000001 
134.0 
134.0999999999999 
134.20000000000027 
134.30000000000018 
134.4000000000001 
134.5 
134.5999999999999 
134.70000000000027 
134.80000000000018 
134.9000000000001 
135.0 
135.0999999999999 
135.20000000000027 
135.30000000000018 
135.4000000000001 
135.5 
135.5999999999999 
135.70000000000027 
135.80000000000018 
135.9000000000001 
136.0 
136.0999999999999 
136.20000000000027 
136.30000000000018 
136.4000000000001 
136.5 
136.5999999999999 
136.70000000000027 
136.80000000000018 
136.9000000000001 
137.0 
137.0999999999999 
137.20000000000027 
137.30000000000018 
137.4000000000001 
137.5 
137.5999999999999 
137.70000000000027 
137.80000000000018 
137.9000000000001 
138.0 
138.0999999999999 
138.20000000000027 
138.30000000000018 
138.4000000000001 
138.5 
138.5999999999999 
138.70000000000027 
138.80000000000018 
138.9000000000001 
139.0 
139.0999999999999 
139.20000000000027 
139.30000000000018 
139.4000000000001 
139.5 
139.5999999999999 
139.70000000000027 
139.80000000000018 
139.9000000000001 
140.0 
140.0999999999999 
140.20000000000027 
140.30000000000018 
140.4000000000001 
140.5 
140.5999999999999 
140.70000000000027 
140.80000000000018 
140.9000000000001 
141.0 
141.0999999999999 
141.20000000000027 
141.30000000000018 
141.4000000000001 
141.5 
141.5999999999999 
141.70000000000027 
141.80000000000018 
141.9000000000001 
142.0 
142.0999999999999 
142.20000000000027 
142.30000000000018 
142.4000000000001 
142.5 
142.5999999999999 
142.70000000000027 
142.80000000000018 
142.9000000000001 
143.0 
143.0999999999999 
143.20000000000027 
143.30000000000018 
143.4000000000001 
143.5 
143.5999999999999 
143.70000000000027 
143.80000000000018 
143.9000000000001 
144.0 
144.0999999999999 
144.20000000000027 
144.30000000000018 
144.4000000000001 
144.5 
144.5999999999999 
144.70000000000027 
144.80000000000018 
144.9000000000001 
145.0 
145.0999999999999 
145.20000000000027 
145.30000000000018 
145.4000000000001 
145.5 
145.5999999999999 
145.70000000000027 
145.80000000000018 
145.9000000000001 
146.0 
146.0999999999999 
146.20000000000027 
146.30000000000018 
146.4000000000001 
146.5 
146.5999999999999 
146.70000000000027 
146.80000000000018 
146.9000000000001 
147.0 
147.0999999999999 
147.20000000000027 
147.30000000000018 
147.4000000000001 
147.5 
147.5999999999999 
147.70000000000027 
147.80000000000018 
147.9000000000001 
148.0 
148.0999999999999 
148.20000000000027 
148.30000000000018 
148.4000000000001 
148.5 
148.5999999999999 
148.70000000000027 
148.80000000000018 
148.9000000000001 
149.0 
149.0999999999999 
149.20000000000027 
149.30000000000018 
149.4000000000001 
149.5 
149.5999999999999 
149.70000000000027 
149.80000000000018 
149.9000000000001 
150.0 
150.0999999999999 
150.20000000000027 
150.30000000000018 
150.4000000000001 
150.5 
150.5999999999999 
150.70000000000027 
150.80000000000018 
150.9000000000001 
151.0 
151.0999999999999 
151.20000000000027 
151.30000000000018 
151.4000000000001 
151.5 
151.5999999999999 
151.70000000000027 
151.80000000000018 
151.9000000000001 
152.0 
152.0999999999999 
152.20000000000027 
152.30000000000018 
152.4000000000001 
152.5 
152.5999999999999 
152.70000000000027 
152.80000000000018 
152.9000000000001 
153.0 
153.0999999999999 
153.20000000000027 
153.30000000000018 
153.4000000000001 
153.5 
153.5999999999999 
153.70000000000027 
153.80000000000018 
153.9000000000001 
154.0 
154.0999999999999 
154.20000000000027 
154.30000000000018 
154.4000000000001 
154.5 
154.5999999999999 
154.70000000000027 
154.80000000000018 
154.9000000000001 
155.0 
155.0999999999999 
155.20000000000027 
155.30000000000018 
155.4000000000001 
155.5 
155.5999999999999 
155.70000000000027 
155.80000000000018 
155.9000000000001 
156.0 
156.0999999999999 
156.20000000000027 
156.30000000000018 
156.4000000000001 
156.5 
156.5999999999999 
156.70000000000027 
156.80000000000018 
156.9000000000001 
157.0 
157.0999999999999 
157.20000000000027 
157.30000000000018 
157.4000000000001 
157.5 
157.5999999999999 
157.70000000000027 
157.80000000000018 
157.9000000000001 
158.0 
158.0999999999999 
158.20000000000027 
158.30000000000018 
158.4000000000001 
158.5 
158.5999999999999 
158.70000000000027 
158.80000000000018 
158.9000000000001 
159.0 
159.0999999999999 
159.20000000000027 
159.30000000000018 
159.4000000000001 
159.5 
159.5999999999999 
159.70000000000027 
159.80000000000018 
159.9000000000001 
160.0 
160.0999999999999 
160.20000000000027 
160.30000000000018 
160.4000000000001 
160.5 
160.5999999999999 
160.70000000000027 
160.80000000000018 
160.9000000000001 
161.0 
161.0999999999999 
161.20000000000027 
161.30000000000018 
161.4000000000001 
161.5 
161.5999999999999 
161.70000000000027 
161.80000000000018 
161.9000000000001 
162.0 
162.0999999999999 
162.20000000000027 
162.30000000000018 
162.4000000000001 
162.5 
162.5999999999999 
162.70000000000027 
162.80000000000018 
162.9000000000001 
163.0 
163.0999999999999 
163.20000000000027 
163.30000000000018 
163.4000000000001 
163.5 
163.5999999999999 
163.70000000000027 
163.80000000000018 
163.9000000000001 
164.0 
164.0999999999999 
164.20000000000027 
164.30000000000018 
164.4000000000001 
164.5 
164.5999999999999 
164.70000000000027 
164.80000000000018 
164.9000000000001 
165.0 
165.0999999999999 
165.20000000000027 
165.30000000000018 
165.4000000000001 
165.5 
165.5999999999999 
165.70000000000027 
165.80000000000018 
165.9000000000001 
166.0 
166.0999999999999 
166.20000000000027 
166.30000000000018 
166.4000000000001 
166.5 
166.5999999999999 
166.70000000000027 
166.80000000000018 
166.9000000000001 
167.0 
167.0999999999999 
167.20000000000027 
167.30000000000018 
167.4000000000001 
167.5 
167.5999999999999 
167.70000000000027 
167.80000000000018 
167.9000000000001 
168.0 
168.0999999999999 
168.20000000000027 
168.30000000000018 
168.4000000000001 
168.5 
168.5999999999999 
168.70000000000027 
168.80000000000018 
168.9000000000001 
169.0 
169.0999999999999 
169.20000000000027 
169.30000000000018 
169.4000000000001 
169.5 
169.5999999999999 
169.70000000000027 
169.80000000000018 
169.9000000000001 
170.0 
170.0999999999999 
170.20000000000027 
170.30000000000018 
170.4000000000001 
170.5 
170.5999999999999 
170.70000000000027 
170.80000000000018 
170.9000000000001 
171.0 
171.0999999999999 
171.20000000000027 
171.30000000000018 
171.4000000000001 
171.5 
171.5999999999999 
171.70000000000027 
171.80000000000018 
171.9000000000001 
172.0 
172.0999999999999 
172.20000000000027 
172.30000000000018 
172.4000000000001 
172.5 
172.5999999999999 
172.70000000000027 
172.80000000000018 
172.9000000000001 
173.0 
173.0999999999999 
173.20000000000027 
173.30000000000018 
173.4000000000001 
173.5 
173.5999999999999 
173.70000000000027 
173.80000000000018 
173.9000000000001 
174.0 
174.0999999999999 
174.20000000000027 
174.30000000000018 
174.4000000000001 
174.5 
174.5999999999999 
174.70000000000027 
174.80000000000018 
174.9000000000001 
175.0 
175.0999999999999 
175.20000000000027 
175.30000000000018 
175.4000000000001 
175.5 
175.5999999999999 
175.70000000000027 
175.80000000000018 
175.9000000000001 
176.0 
176.0999999999999 
176.20000000000027 
176.30000000000018 
176.4000000000001 
176.5 
176.5999999999999 
176.70000000000027 
176.80000000000018 
176.9000000000001 
177.0 
177.0999999999999 
177.20000000000027 
177.30000000000018 
177.4000000000001 
 0.6868229211735667
 0.6873083623911654
 0.686767151655503
 0.682939615406149
 0.6717965887923616
 0.6478623275251016
 0.6058986914353869
 0.5435221106056316
 0.4632330811981735
 0.3723240151247669
 0.2805419556360809
 0.1968736065297137
 0.1271295873574101
 0.07329273142194251
 0.03441569198102949
 0.008030628419242168
 -0.008775573657967169
 -0.01879673897139424
 -0.02452084716800442
 -0.02822259204170836
 -0.03214779914634658
 -0.03838669651954966
 -0.0481794107240725
 -0.06109375495991275
 -0.07498372737909419
 -0.08707214713785896
 -0.09536549230276865
 -0.09923812160753125
 -0.09889720463295469
 -0.09445552496602401
 -0.08550162804176381
 -0.07154389457040142
 -0.05306251673066641
 -0.03236747291699972
 -0.01330093775804847
 0.0004411357886791864
 0.007233735880739087
 0.008010144736632752
 0.00477516349265589
 -0.001626920334519351
 -0.01264806186549103
 -0.0311247970264293
 -0.05882209793189747
 -0.09410024024463748
 -0.1316162152872218
 -0.1647062964028953
 -0.1888000683336905
 -0.2030719281172119
 -0.2092096506968936
 -0.208965417121311
 -0.2028679611683417
 -0.1907670424568198
 -0.173079802965798
 -0.1514176075823923
 -0.1282598793981527
 -0.1061195748556809
 -0.08675707364317439
 -0.07086207525648401
 -0.05832727738849595
 -0.04878159669938389
 -0.04187474751654071
 -0.03718779001376171
 -0.03409705637621118
 -0.03187136269595126
 -0.02991155093801402
 -0.02780646318319958
 -0.02497370234012382
 -0.02008168430322594
 -0.0109088522229393
 0.004764112466137295
 0.02737000833655138
 0.05408548458856677
 0.07936236562116443
 0.09782814023004997
 0.1075045886851626
 0.1106747566103986
 0.1118872565604722
 0.1150404406903856
 0.12180306211093
 0.131934826424743
 0.1444180150923955
 0.1581643547864504
 0.1720686863777955
 0.1850033990770823
 0.1961300335957696
 0.205206033937181
 0.2124222947147467
 0.217793586260686
 0.220574966378088
 0.2192403863202594
 0.2123641002238305
 0.2002650928982484
 0.1864281390952156
 0.1772570650263751
 0.1795582296690149
 0.1967462467591338
 0.2259232886424966
 0.2581910897569039
 0.2830172093376934
 0.2941226263895259
 0.2923090939988325
 0.2831139612392768
 0.271847925322467
 0.260374080936535
 0.2476356188808944
 0.2324276010450414
 0.2154799337992577
 0.1992296148726873
 0.1859945508546698
 0.1764130692628156
 0.1693030631945801
 0.1626778147315255
 0.1548942554918586
 0.145145480090154
 0.1332731209525581
 0.1194787807214258
 0.1044425984766452
 0.08970137473796766
 0.07762480575729437
 0.07063998964286754
 0.07020491519544643
 0.0762696401770206
 0.08733074759787084
 0.1007292501796314
 0.1130868638433281
 0.1210219020453623
 0.1220482253254184
 0.1153122229460109
 0.10183830945859
 0.08402448772603588
 0.06443637181190578
 0.04463964279900086
 0.02499488495768257
 0.00537798120461565
 -0.01411373418809418
 -0.03307552539813203
 -0.05106868769768688
 -0.06774385266026615
 -0.08271589065044332
 -0.09547403217710049
 -0.1055189729052817
 -0.1126142626969563
 -0.116927460419924
 -0.1189431942186647
 -0.1192430627902752
 -0.1183952606642282
 -0.1171062406720233
 -0.1165231652519521
 -0.1183870557611823
 -0.1247928781855426
 -0.1375178071307198
 -0.1570599175858587
 -0.1818297940316308
 -0.2082715464527998
 -0.2322824205796667
 -0.2511086675538723
 -0.2643296343695636
 -0.2734058529469165
 -0.2804104783704527
 -0.2868013880596191
 -0.2926957652268038
 -0.2967888620933983
 -0.2969550974856981
 -0.2914499131546932
 -0.2803361957375158
 -0.2663534654568946
 -0.2543190977440595
 -0.2488810466672428
 -0.251892367642938
 -0.2614298111407727
 -0.2732858883204747
 -0.2835466462483177
 -0.2900356228946154
 -0.2918423539867314
 -0.2880792980140563
 -0.2775080481024838
 -0.2596321964840676
 -0.2363508127841411
 -0.2125174610354506
 -0.1944691082088018
