0.0 0.42761513198088 -0.667086071353654
0.09999999999990905 0.4271625246037378 -0.6647991107546783
0.1999999999998181 0.4266964995204825 -0.6630309670698451
0.3000000000001819 0.4264822548455821 -0.6621752656293235
0.40000000000009095 0.4267277951355342 -0.6620092150106288
0.5 0.4275184965903057 -0.66197497186579
0.599999999999909 0.4287283630465598 -0.6616520388969938
0.6999999999998181 0.429991619080005 -0.6610116630823807
0.8000000000001819 0.4308952903119402 -0.6603009583391579
0.900000000000091 0.4313713414886086 -0.659767844275008
1.0 0.4319234176585768 -0.6594893615585375
1.099999999999909 0.4333343019525708 -0.6593586947472206
1.199999999999818 0.4360697685040065 -0.6591489861484202
1.300000000000182 0.4400167165766034 -0.6585995290420451
1.400000000000091 0.4448906347125688 -0.6575335526293357
1.5 0.4509557561024087 -0.655986973295944
1.599999999999909 0.4593641789289208 -0.6542201236002239
1.699999999999818 0.4717945949809146 -0.6524759558351019
1.800000000000182 0.4897139078321538 -0.650599172225754
1.900000000000091 0.5138807423693986 -0.6479438654506672
2.0 0.5444923958301835 -0.6438228629328163
2.099999999999909 0.5817730073889322 -0.6380999050214746
2.199999999999818 0.6261664204587672 -0.631303065876695
2.300000000000182 0.6774836523419493 -0.6241522294305135
2.400000000000091 0.7335568567420674 -0.616920567258002
2.5 0.7898293092273558 -0.6091484656980694
2.599999999999909 0.8406766740045647 -0.5999655554118996
2.699999999999818 0.8816949515959238 -0.5887681561279133
2.800000000000182 0.9113990290747835 -0.5756713299202306
2.900000000000091 0.931401175909675 -0.561413838172239
3.0 0.9452250029818378 -0.546965007100901
3.099999999999909 0.9565354735825212 -0.5332912907728029
3.199999999999818 0.9676679736379248 -0.5213620800456155
3.300000000000182 0.9790676644326338 -0.5120480481546431
3.400000000000091 0.9897506361518102 -0.5057687588519776
3.5 0.9983718430430956 -0.5022525741499959
3.599999999999909 1.004187734240715 -0.500709810800423
3.699999999999818 1.00737819061603 -0.5002512507731609
3.800000000000182 1.008733165742004 -0.5002029940339736
3.900000000000091 1.00912622070104 -0.5001646842731451
4.0 1.009169150498092 -0.4999077195192392
4.099999999999909 1.009151961727115 -0.4992963026252867
4.199999999999818 1.009152035685619 -0.4983299153660904
4.300000000000182 1.009163211353036 -0.4972413843032619
4.400000000000091 1.009170541278183 -0.4964689290707442
4.5 1.009170898456447 -0.4963969960953094
4.599999999999909 1.009168245508391 -0.4970379887874913
4.699999999999818 1.009166243379282 -0.497989403795379
4.800000000000182 1.009165824111024 -0.4987331186023355
4.900000000000091 1.009166275973414 -0.4989861352957374
5.0 1.009166773076124 -0.498830011454215
5.099999999999909 1.009166973252476 -0.498569911143772
5.199999999999818 1.009166877731209 -0.4984291474190188
5.300000000000182 1.009166585892781 -0.4982760130541104
5.400000000000091 1.009166285316367 -0.4976032825021401
5.5 1.009166363018261 -0.4958203872681667
5.599999999999909 1.009167240563531 -0.492667368047305
5.699999999999818 1.009168668846868 -0.4884459597146394
5.800000000000182 1.009168968286677 -0.4838473643991344
5.900000000000091 1.009165748131008 -0.479417258094225
6.0 1.009159493934541 -0.4749328869492992
6.099999999999909 1.009157810341704 -0.4688834260617897
6.199999999999818 1.00917075497178 -0.4580867649061114
6.300000000000182 1.009182516011795 -0.4377575294182022
6.400000000000091 1.009094311541956 -0.402804502013503
6.5 1.008666489418515 -0.350703186434853
6.599999999999909 1.007527690640508 -0.2845219862618343
6.699999999999818 1.005313354056866 -0.2133165793524186
6.800000000000182 1.00189602312921 -0.14855608778001
6.900000000000091 0.9975236604885853 -0.09879095192924313
7.0 0.9926770746862605 -0.06645873093521892
7.099999999999909 0.9877300191899887 -0.04858991083393036
7.199999999999818 0.9827823938104528 -0.03991396680166419
7.300000000000182 0.9778665608177083 -0.03573663897697747
7.400000000000091 0.9732451001559715 -0.03318194404646417
7.5 0.9693963348213293 -0.03101503470612468
7.599999999999909 0.9666956496377973 -0.02892243690834808
7.699999999999818 0.9651623688739215 -0.02695141087524946
7.800000000000182 0.9644989929201401 -0.02526538707650699
7.900000000000091 0.9643126923958678 -0.02401690162357401
8.0 0.9643035157341189 -0.02324891833183719
8.099999999999909 0.9643209902662851 -0.02287747815019358
8.199999999999818 0.964323653823653 -0.02275489607920201
8.300000000000182 0.9643164757741963 -0.02274371212181921
8.400000000000091 0.964311119916868 -0.02275110838365599
8.5 0.9643130416627327 -0.02273117187775981
8.599999999999909 0.9643204590803888 -0.02268779510908545
8.699999999999818 0.9643243469696167 -0.02267818827662898
8.800000000000182 0.9643133527628218 -0.02274599200710507
8.900000000000091 0.9642987622137098 -0.02266922655970917
9.0 0.9643684096991414 -0.02149099564120155
9.099999999999909 0.9647467187982203 -0.01706357361405616
9.199999999999818 0.9657960018239145 -0.006140061091092796
9.300000000000182 0.9678918028896868 0.01449363251712647
9.400000000000091 0.9711952127963263 0.04607421698395735
9.5 0.9754938228864414 0.08638665056350477
9.599999999999909 0.9803131754679162 0.1302259331389541
9.699999999999818 0.9852532841766588 0.1717871880387064
9.800000000000182 0.9901939188927676 0.2071634612301344
9.900000000000091 0.9951226732757266 0.2351564659541006
10.0 0.9998113196586746 0.2563701003228179
